https://cafe.naver.com/koreassistant/18082

79 09 02 00 00 00 00 84 79 0A 01 00 00 00 00 84
79 0A 02 00 00 00 00 85 7F 24 08 13 23 51 30 62
30 01 00 00 00 00 00 31 B0 00 01 00 00 00 00 B1 30 02 00 00 00 00 00 32 B0 00 02 00 00 00 00 B2
20 01 00 00 00 00 00 21 A0 01 01 00 00 15 00 B7 30 03 00 00 00 00 00 33 B0 00 03 00 00 00 00 B3
30 04 00 00 00 00 00 34 30 05 00 00 00 00 00 35
30 06 00 00 00 00 00 36 30 07 00 00 00 00 00 37
30 08 00 00 00 00 00 38 30 09 00 00 00 00 00 39
30 0A 00 00 00 00 00 3A 30 0B 00 00 00 00 00 3B
30 0C 00 00 00 00 00 3C
30 0D 00 00 00 00 00 3D
30 0E 00 00 00 00 00 3E 30 0F 00 00 00 00 00 3F
30 10 00 00 00 00 00 40 30 11 00 00 00 00 00 41
30 12 00 00 00 00 00 42 30 13 00 00 00 00 00 43
10 01 00 00 00 00 00 11 10 02 00 00 00 00 00 12
0F 00 00 00 00 00 00 0F 8F 0F 03 05 40 04 00 EA 
02 01 00 00 00 00 00 03 82 80 01 29 35 00 00 61 
02 02 00 00 00 00 00 04 82 80 02 29 35 00 00 62 
02 03 00 00 00 00 00 05 82 80 03 31 34 00 00 6A 
02 04 00 00 00 00 00 06 82 80 04 29 35 00 00 64
77 01 00 00 00 00 00 78 F7 20 01 00 1F 09 03 43 
76 01 00 00 00 00 00 77 F6 04 01 01 00 00 00 FC
79 01 01 00 00 00 00 7B F9 01 01 11 00 12 49 67 
79 01 02 00 00 00 00 7C F9 01 01 21 00 00 00 1C
79 02 01 00 00 00 00 7C F9 11 02 11 00 00 00 1D 
20 01 00 00 00 00 00 21 A0 01 01 00 00 15 00 B7
79 02 02 00 00 00 00 7D F9 11 02 21 00 00 00 2D 
79 03 01 00 00 00 00 7D
79 03 02 00 00 00 00 7E 79 04 01 00 00 00 00 7E
79 04 02 00 00 00 00 7F 79 05 01 00 00 00 00 7F
79 05 02 00 00 00 00 80 79 06 01 00 00 00 00 80
79 06 02 00 00 00 00 81 79 07 01 00 00 00 00 81
79 07 02 00 00 00 00 82 79 08 01 00 00 00 00 82
79 08 02 00 00 00 00 83 79 09 01 00 00 00 00 83 
79 09 02 00 00 00 00 84
79 0A 01 00 00 00 00 84 79 0A 02 00 00 00 00 85
7F 24 08 13 23 51 35 67
30 01 00 00 00 00 00 31 B0 00 01 00 00 00 00 B1 
30 02 00 00 00 00 00 32 B0 00 02 00 00 00 00 B2
30 03 00 00 00 00 00 33 B0 00 03 00 00 00 00 B3 
30 04 00 00 00 00 00 34 30 05 00 00 00 00 00 35
30 06 00 00 00 00 00 36 30 07 00 00 00 00 00 37
30 08 00 00 00 00 00 38 30 09 00 00 00 00 00 39
30 0A 00 00 00 00 00 3A 30 0B 00 00 00 00 00 3B
20 01 00 00 00 00 00 21 A0 01 01 00 00 15 00 B7 
30 0C 00 00 00 00 00 3C
30 0D 00 00 00 00 00 3D 30 0E 00 00 00 00 00 3E
30 0F 00 00 00 00 00 3F 30 10 00 00 00 00 00 40
30 11 00 00 00 00 00 41 30 12 00 00 00 00 00 42
30 13 00 00 00 00 00 43 10 01 00 00 00 00 00 11
10 02 00 00 00 00 00 12 0F 00 00 00 00 00 00 0F 
8F 0F 03 05 40 04 00 EA
02 01 00 00 00 00 00 03 82 80 01 29 35 00 00 61 
02 02 00 00 00 00 00 04 82 80 02 29 35 00 00 62
02 03 00 00 00 00 00 05 82 80 03 31 34 00 00 6A 
02 04 00 00 00 00 00 06 82 80 04 29 35 00 00 64
77 01 00 00 00 00 00 78 F7 20 01 00 1F 09 02 42 
76 01 00 00 00 00 00 77 F6 04 01 01 00 00 00 FC
79 01 01 00 00 00 00 7B F9 01 01 11 00 17 32 55 
79 01 02 00 00 00 00 7C F9 01 01 21 00 00 00 1C
79 02 01 00 00 00 00 7C F9 11 02 11 00 00 00 1D 
79 02 02 00 00 00 00 7D F9 11 02 21 00 00 00 2D
79 03 01 00 00 00 00 7D 79 03 02 00 00 00 00 7E 
79 04 01 00 00 00 00 7E
79 04 02 00 00 00 00 7F 79 05 01 00 00 00 00 7F
79 05 02 00 00 00 00 80 79 06 01 00 00 00 00 80
79 06 02 00 00 00 00 81 
20 01 00 00 00 00 00 21 A0 01 01 00 00 15 00 B7
79 07 01 00 00 00 00 81 79 07 02 00 00 00 00 82
79 08 01 00 00 00 00 82 79 08 02 00 00 00 00 83
79 09 01 00 00 00 00 83 79 09 02 00 00 00 00 84
79 0A 01 00 00 00 00 84 79 0A 02 00 00 00 00 85
7F 24 08 13 23 51 40 72 
30 01 00 00 00 00 00 31 B0 00 01 00 00 00 00 B1
30 02 00 00 00 00 00 32 B0 00 02 00 00 00 00 B2 
30 03 00 00 00 00 00 33 B0 00 03 00 00 00 00 B3
30 04 00 00 00 00 00 34 30 05 00 00 00 00 00 35
30 06 00 00 00 00 00 36 30 07 00 00 00 00 00 37
30 08 00 00 00 00 00 38 30 09 00 00 00 00 00 39
30 0A 00 00 00 00 00 3A 30 0B 00 00 00 00 00 3B
30 0C 00 00 00 00 00 3C 30 0D 00 00 00 00 00 3D
30 0E 00 00 00 00 00 3E 30 0F 00 00 00 00 00 3F
30 10 00 00 00 00 00 40 30 11 00 00 00 00 00 41
30 12 00 00 00 00 00 42 30 13 00 00 00 00 00 43
10 01 00 00 00 00 00 11 
20 01 00 00 00 00 00 21 A0 01 01 00 00 15 00 B7
10 02 00 00 00 00 00 12 
0F 00 00 00 00 00 00 0F 8F 0F 03 05 40 04 00 EA
02 01 00 00 00 00 00 03 82 80 01 29 35 00 00 61 
02 02 00 00 00 00 00 04 82 80 02 29 35 00 00 62
02 03 00 00 00 00 00 05 82 80 03 31 34 00 00 6A 
02 04 00 00 00 00 00 06 82 80 04 29 35 00 00 64
77 01 00 00 00 00 00 78 F7 20 01 00 1F 09 02 42 
76 01 00 00 00 00 00 77 F6 04 01 01 00 00 00 FC
79 01 01 00 00 00 00 7B F9 01 01 11 00 16 51 73 
79 01 02 00 00 00 00 7C F9 01 01 21 00 00 00 1C
79 02 01 00 00 00 00 7C F9 11 02 11 00 00 00 1D 
79 02 02 00 00 00 00 7D F9 11 02 21 00 00 00 2D 
79 03 01 00 00 00 00 7D
79 03 02 00 00 00 00 7E 79 04 01 00 00 00 00 7E
79 04 02 00 00 00 00 7F 79 05 01 00 00 00 00 7F
79 05 02 00 00 00 00 80 79 06 01 00 00 00 00 80
79 06 02 00 00 00 00 81 79 07 01 00 00 00 00 81
79 07 02 00 00 00 00 82 79 08 01 00 00 00 00 82
79 08 02 00 00 00 00 83 79 09 01 00 00 00 00 83
79 09 02 00 00 00 00 84 79 0A 01 00 00 00 00 84
79 0A 02 00 00 00 00 85 7F 24 08 13 23 51 45 77
20 01 00 00 00 00 00 21 A0 01 01 00 00 15 00 B7
30 01 00 00 00 00 00 31 B0 00 01 00 00 00 00 B1 
30 02 00 00 00 00 00 32 B0 00 02 00 00 00 00 B2
30 03 00 00 00 00 00 33 B0 00 03 00 00 00 00 B3 
30 04 00 00 00 00 00 34
30 05 00 00 00 00 00 35 30 06 00 00 00 00 00 36
30 07 00 00 00 00 00 37
30 08 00 00 00 00 00 38
30 09 00 00 00 00 00 39 30 0A 00 00 00 00 00 3A
30 0B 00 00 00 00 00 3B 30 0C 00 00 00 00 00 3C
30 0D 00 00 00 00 00 3D 30 0E 00 00 00 00 00 3E
30 0F 00 00 00 00 00 3F 30 10 00 00 00 00 00 40
30 11 00 00 00 00 00 41
30 12 00 00 00 00 00 42 30 13 00 00 00 00 00 43
10 01 00 00 00 00 00 11 10 02 00 00 00 00 00 12
0F 00 00 00 00 00 00 0F 8F 0F 03 05 40 04 00 EA 02 01 00 00 00 00 00 03 82 80 01 29 35 00 00 61
02 02 00 00 00 00 00 04 82 80 02 29 35 00 00 62 02 03 00 00 00 00 00 05 82 80 03 31 34 00 00 6A
02 04 00 00 00 00 00 06 82 80 04 29 35 00 00 64 77 01 00 00 00 00 00 78 F7 20 01 00 1F 09 02 42
76 01 00 00 00 00 00 77 F6 04 01 01 00 00 00 FC 79 01 01 00 00 00 00 7B F9 01 01 11 00 16 00 22
20 01 00 00 00 00 00 21 A0 01 01 00 00 15 00 B7 79 01 02 00 00 00 00 7C F9 01 01 21 00 00 00 1C
79 02 01 00 00 00 00 7C F9 11 02 11 00 00 00 1D
79 02 02 00 00 00 00 7D F9 11 02 21 00 00 00 2D 79 03 01 00 00 00 00 7D
79 03 02 00 00 00 00 7E 79 04 01 00 00 00 00 7E
79 04 02 00 00 00 00 7F 79 05 01 00 00 00 00 7F
79 05 02 00 00 00 00 80 79 06 01 00 00 00 00 80
79 06 02 00 00 00 00 81 79 07 01 00 00 00 00 81
79 07 02 00 00 00 00 82 79 08 01 00 00 00 00 82
79 08 02 00 00 00 00 83 79 09 01 00 00 00 00 83
79 09 02 00 00 00 00 84 79 0A 01 00 00 00 00 84
79 0A 02 00 00 00 00 85 7F 24 08 13 23 51 50 82
30 01 00 00 00 00 00 31 B0 00 01 00 00 00 00 B1 30 02 00 00 00 00 00 32 B0 00 02 00 00 00 00 B2
30 03 00 00 00 00 00 33 B0 00 03 00 00 00 00 B3 30 04 00 00 00 00 00 34
30 05 00 00 00 00 00 35 30 06 00 00 00 00 00 36
30 07 00 00 00 00 00 37 30 08 00 00 00 00 00 38
30 09 00 00 00 00 00 39 20 01 00 00 00 00 00 21 A0 01 01 00 00 15 00 B7
30 0A 00 00 00 00 00 3A 30 0B 00 00 00 00 00 3B
30 0C 00 00 00 00 00 3C 30 0D 00 00 00 00 00 3D
30 0E 00 00 00 00 00 3E 30 0F 00 00 00 00 00 3F
30 10 00 00 00 00 00 40 30 11 00 00 00 00 00 41
30 12 00 00 00 00 00 42 30 13 00 00 00 00 00 43
10 01 00 00 00 00 00 11 10 02 00 00 00 00 00 12
0F 00 00 00 00 00 00 0F 8F 0F 03 05 40 04 00 EA 02 01 00 00 00 00 00 03 82 80 01 29 35 00 00 61
02 02 00 00 00 00 00 04 82 80 02 29 35 00 00 62 02 03 00 00 00 00 00 05 82 80 03 31 34 00 00 6A
02 04 00 00 00 00 00 06 82 80 04 29 35 00 00 64 77 01 00 00 00 00 00 78 F7 20 01 00 1F 09 02 42
76 01 00 00 00 00 00 77 F6 04 01 01 00 00 00 FC
79 01 01 00 00 00 00 7B F9 01 01 11 00 15 76 97 79 01 02 00 00 00 00 7C F9 01 01 21 00 00 00 1C 79 02 01 00 00 00 00 7C F9 11 02 11 00 00 00 1D
79 02 02 00 00 00 00 7D F9 11 02 21 00 00 00 2D 79 03 01 00 00 00 00 7D
79 03 02 00 00 00 00 7E 79 04 01 00 00 00 00 7E
79 04 02 00 00 00 00 7F 79 05 01 00 00 00 00 7F
20 01 00 00 00 00 00 21 A0 01 01 00 00 15 00 B7 79 05 02 00 00 00 00 80
79 06 01 00 00 00 00 80 79 06 02 00 00 00 00 81
79 07 01 00 00 00 00 81 79 07 02 00 00 00 00 82
79 08 01 00 00 00 00 82 79 08 02 00 00 00 00 83
79 09 01 00 00 00 00 83 79 09 02 00 00 00 00 84
79 0A 01 00 00 00 00 84 79 0A 02 00 00 00 00 85
7F 24 08 13 23 51 55 87
30 01 00 00 00 00 00 31 B0 00 01 00 00 00 00 B1 30 02 00 00 00 00 00 32 B0 00 02 00 00 00 00 B2
30 03 00 00 00 00 00 33 B0 00 03 00 00 00 00 B3 30 04 00 00 00 00 00 34 30 05 00 00 00 00 00 35
30 06 00 00 00 00 00 36 30 07 00 00 00 00 00 37
30 08 00 00 00 00 00 38 30 09 00 00 00 00 00 39
30 0A 00 00 00 00 00 3A 30 0B 00 00 00 00 00 3B
30 0C 00 00 00 00 00 3C 30 0D 00 00 00 00 00 3D
30 0E 00 00 00 00 00 3E 30 0F 00 00 00 00 00 3F
30 10 00 00 00 00 00 40 30 11 00 00 00 00 00 41
20 01 00 00 00 00 00 21 A0 01 01 00 00 15 00 B7 30 12 00 00 00 00 00 42
30 13 00 00 00 00 00 43 10 01 00 00 00 00 00 11
10 02 00 00 00 00 00 12
0F 00 00 00 00 00 00 0F 8F 0F 03 05 40 04 00 EA 02 01 00 00 00 00 00 03 82 80 01 29 35 00 00 61
02 02 00 00 00 00 00 04 82 80 02 29 35 00 00 62 02 03 00 00 00 00 00 05 82 80 03 31 34 00 00 6A
02 04 00 00 00 00 00 06 82 80 04 29 35 00 00 64 77 01 00 00 00 00 00 78 F7 20 01 00 1F 09 02 42
76 01 00 00 00 00 00 77 F6 04 01 01 00 00 00 FC 79 01 01 00 00 00 00 7B F9 01 01 11 00 15 80 A1
79 01 02 00 00 00 00 7C F9 01 01 21 00 00 00 1C 79 02 01 00 00 00 00 7C F9 11 02 11 00 00 00 1D 79 02 02 00 00 00 00 7D F9 11 02 21 00 00 00 2D
79 03 01 00 00 00 00 7D 79 03 02 00 00 00 00 7E
79 04 01 00 00 00 00 7E 79 04 02 00 00 00 00 7F
79 05 01 00 00 00 00 7F 79 05 02 00 00 00 00 80
79 06 01 00 00 00 00 80 79 06 02 00 00 00 00 81
79 07 01 00 00 00 00 81 79 07 02 00 00 00 00 82
79 08 01 00 00 00 00 82
79 08 02 00 00 00 00 83
79 09 01 00 00 00 00 83 79 09 02 00 00 00 00 84
20 01 00 00 00 00 00 21 A0 01 01 00 00 15 00 B7 79 0A 01 00 00 00 00 84
79 0A 02 00 00 00 00 85 7F 24 08 13 23 52 01 34
30 01 00 00 00 00 00 31 B0 00 01 00 00 00 00 B1 30 02 00 00 00 00 00 32 B0 00 02 00 00 00 00 B2
30 03 00 00 00 00 00 33 B0 00 03 00 00 00 00 B3 30 04 00 00 00 00 00 34
30 05 00 00 00 00 00 35 30 06 00 00 00 00 00 36
30 07 00 00 00 00 00 37 30 08 00 00 00 00 00 38
30 09 00 00 00 00 00 39 30 0A 00 00 00 00 00 3A
30 0B 00 00 00 00 00 3B 30 0C 00 00 00 00 00 3C
30 0D 00 00 00 00 00 3D 30 0E 00 00 00 00 00 3E
30 0F 00 00 00 00 00 3F 30 10 00 00 00 00 00 40
30 11 00 00 00 00 00 41 30 12 00 00 00 00 00 42 30 13 00 00 00 00 00 43
10 01 00 00 00 00 00 11 10 02 00 00 00 00 00 12
0F 00 00 00 00 00 00 0F 8F 0F 03 05 40 04 00 EA 02 01 00 00 00 00 00 03 82 80 01 29 35 00 00 61
02 02 00 00 00 00 00 04 82 80 02 29 35 00 00 62 02 03 00 00 00 00 00 05 82 80 03 31 34 00 00 6A
02 04 00 00 00 00 00 06 82 80 04 29 35 00 00 64 20 01 00 00 00 00 00 21 A0 01 01 00 00 15 00 B7
77 01 00 00 00 00 00 78 F7 20 01 00 1F 09 02 42 76 01 00 00 00 00 00 77 F6 04 01 01 00 00 00 FC
79 01 01 00 00 00 00 7B F9 01 01 11 00 15 71 92 79 01 02 00 00 00 00 7C F9 01 01 21 00 00 00 1C
79 02 01 00 00 00 00 7C F9 11 02 11 00 00 00 1D 79 02 02 00 00 00 00 7D F9 11 02 21 00 00 00 2D
79 03 01 00 00 00 00 7D 79 03 02 00 00 00 00 7E
79 04 01 00 00 00 00 7E 79 04 02 00 00 00 00 7F
79 05 01 00 00 00 00 7F 79 05 02 00 00 00 00 80
79 06 01 00 00 00 00 80 79 06 02 00 00 00 00 81
79 07 01 00 00 00 00 81 79 07 02 00 00 00 00 82
79 08 01 00 00 00 00 82 79 08 02 00 00 00 00 83
79 09 01 00 00 00 00 83 79 09 02 00 00 00 00 84
79 0A 01 00 00 00 00 84 79 0A 02 00 00 00 00 85
7F 24 08 13 23 52 06 39 30 01 00 00 00 00 00 31 B0 00 01 00 00 00 00 B1
30 02 00 00 00 00 00 32 B0 00 02 00 00 00 00 B2 30 03 00 00 00 00 00 33 B0 00 03 00 00 00 00 B3
30 04 00 00 00 00 00 34 30 05 00 00 00 00 00 35
30 06 00 00 00 00 00 36 20 01 00 00 00 00 00 21 A0 01 01 00 00 15 00 B7
30 07 00 00 00 00 00 37 30 08 00 00 00 00 00 38
30 09 00 00 00 00 00 39 30 0A 00 00 00 00 00 3A
30 0B 00 00 00 00 00 3B 30 0C 00 00 00 00 00 3C
30 0D 00 00 00 00 00 3D 30 0E 00 00 00 00 00 3E
30 0F 00 00 00 00 00 3F 30 10 00 00 00 00 00 40
30 11 00 00 00 00 00 41 30 12 00 00 00 00 00 42
30 13 00 00 00 00 00 43 10 01 00 00 00 00 00 11
10 02 00 00 00 00 00 12 0F 00 00 00 00 00 00 0F 8F 0F 03 05 40 04 00 EA
02 01 00 00 00 00 00 03 82 80 01 29 35 00 00 61 02 02 00 00 00 00 00 04 82 80 02 29 35 00 00 62
02 03 00 00 00 00 00 05 82 80 03 31 34 00 00 6A 02 04 00 00 00 00 00 06 82 80 04 29 35 00 00 64
77 01 00 00 00 00 00 78 F7 20 01 00 1F 09 02 42 76 01 00 00 00 00 00 77 F6 04 01 01 00 00 00 FC
79 01 01 00 00 00 00 7B F9 01 01 11 00 18 69 8D 79 01 02 00 00 00 00 7C F9 01 01 21 00 00 00 1C
79 02 01 00 00 00 00 7C F9 11 02 11 00 00 00 1D 79 02 02 00 00 00 00 7D F9 11 02 21 00 00 00 2D
79 03 01 00 00 00 00 7D 79 03 02 00 00 00 00 7E
79 04 01 00 00 00 00 7E 20 01 00 00 00 00 00 21 A0 01 01 00 00 15 00 B7
79 04 02 00 00 00 00 7F 79 05 01 00 00 00 00 7F
79 05 02 00 00 00 00 80 79 06 01 00 00 00 00 80
79 06 02 00 00 00 00 81 79 07 01 00 00 00 00 81
79 07 02 00 00 00 00 82 79 08 01 00 00 00 00 82
79 08 02 00 00 00 00 83 79 09 01 00 00 00 00 83
79 09 02 00 00 00 00 84 79 0A 01 00 00 00 00 84
79 0A 02 00 00 00 00 85 7F 24 08 13 23 52 11 44
30 01 00 00 00 00 00 31 B0 00 01 00 00 00 00 B1 30 02 00 00 00 00 00 32 B0 00 02 00 00 00 00 B2
30 03 00 00 00 00 00 33 B0 00 03 00 00 00 00 B3 30 04 00 00 00 00 00 34
30 05 00 00 00 00 00 35 30 06 00 00 00 00 00 36
30 07 00 00 00 00 00 37 30 08 00 00 00 00 00 38
30 09 00 00 00 00 00 39 30 0A 00 00 00 00 00 3A
30 0B 00 00 00 00 00 3B 30 0C 00 00 00 00 00 3C
30 0D 00 00 00 00 00 3D 30 0E 00 00 00 00 00 3E
30 0F 00 00 00 00 00 3F 20 01 00 00 00 00 00 21 A0 01 01 00 00 15 00 B7
30 10 00 00 00 00 00 40 30 11 00 00 00 00 00 41
30 12 00 00 00 00 00 42 30 13 00 00 00 00 00 43
10 01 00 00 00 00 00 11 10 02 00 00 00 00 00 12
0F 00 00 00 00 00 00 0F 8F 0F 03 05 40 04 00 EA 02 01 00 00 00 00 00 03 82 80 01 29 35 00 00 61
02 02 00 00 00 00 00 04 82 80 02 29 35 00 00 62 02 03 00 00 00 00 00 05 82 80 03 31 34 00 00 6A
02 04 00 00 00 00 00 06 82 80 04 29 35 00 00 64 77 01 00 00 00 00 00 78 F7 20 01 00 1F 09 02 42
76 01 00 00 00 00 00 77 F6 04 01 01 00 00 00 FC 79 01 01 00 00 00 00 7B F9 01 01 11 00 17 09 2C
79 01 02 00 00 00 00 7C F9 01 01 21 00 00 00 1C 79 02 01 00 00 00 00 7C F9 11 02 11 00 00 00 1D
79 02 02 00 00 00 00 7D F9 11 02 21 00 00 00 2D 79 03 01 00 00 00 00 7D
79 03 02 00 00 00 00 7E 79 04 01 00 00 00 00 7E
79 04 02 00 00 00 00 7F 79 05 01 00 00 00 00 7F
79 05 02 00 00 00 00 80 79 06 01 00 00 00 00 80
79 06 02 00 00 00 00 81 79 07 01 00 00 00 00 81
79 07 02 00 00 00 00 82 79 08 01 00 00 00 00 82
79 08 02 00 00 00 00 83 20 01 00 00 00 00 00 21 A0 01 01 00 00 15 00 B7
79 09 01 00 00 00 00 83 79 09 02 00 00 00 00 84
79 0A 01 00 00 00 00 84 79 0A 02 00 00 00 00 85
7F 24 08 13 23 52 16 49 30 01 00 00 00 00 00 31 B0 00 01 00 00 00 00 B1
30 02 00 00 00 00 00 32 B0 00 02 00 00 00 00 B2
30 03 00 00 00 00 00 33 B0 00 03 00 00 00 00 B3 30 04 00 00 00 00 00 34
30 05 00 00 00 00 00 35 30 06 00 00 00 00 00 36
30 07 00 00 00 00 00 37 30 08 00 00 00 00 00 38
30 09 00 00 00 00 00 39 30 0A 00 00 00 00 00 3A
30 0B 00 00 00 00 00 3B 30 0C 00 00 00 00 00 3C
30 0D 00 00 00 00 00 3D 30 0E 00 00 00 00 00 3E
30 0F 00 00 00 00 00 3F 30 10 00 00 00 00 00 40
30 11 00 00 00 00 00 41 30 12 00 00 00 00 00 42
30 13 00 00 00 00 00 43 10 01 00 00 00 00 00 11
10 02 00 00 00 00 00 12
0F 00 00 00 00 00 00 0F 8F 0F 03 05 40 04 00 EA 02 01 00 00 00 00 00 03 82 80 01 29 35 00 00 61
02 02 00 00 00 00 00 04 82 80 02 29 35 00 00 62 20 01 00 00 00 00 00 21 A0 01 01 00 00 15 00 B7
02 03 00 00 00 00 00 05 82 80 03 31 34 00 00 6A 02 04 00 00 00 00 00 06 82 80 04 29 35 00 00 64 77 01 00 00 00 00 00 78 F7 20 01 00 1F 09 01 41
76 01 00 00 00 00 00 77 F6 04 01 01 00 00 00 FC
79 01 01 00 00 00 00 7B F9 01 01 11 00 17 43 66 79 01 02 00 00 00 00 7C F9 01 01 21 00 00 00 1C 79 02 01 00 00 00 00 7C F9 11 02 11 00 00 00 1D
79 02 02 00 00 00 00 7D F9 11 02 21 00 00 00 2D 79 03 01 00 00 00 00 7D
79 03 02 00 00 00 00 7E 79 04 01 00 00 00 00 7E
79 04 02 00 00 00 00 7F 79 05 01 00 00 00 00 7F
79 05 02 00 00 00 00 80 79 06 01 00 00 00 00 80
79 06 02 00 00 00 00 81 79 07 01 00 00 00 00 81
79 07 02 00 00 00 00 82 79 08 01 00 00 00 00 82
79 08 02 00 00 00 00 83 79 09 01 00 00 00 00 83 79 09 02 00 00 00 00 84 79 0A 01 00 00 00 00 84 79 0A 02 00 00 00 00 85
7F 24 08 13 23 52 21 54 30 01 00 00 00 00 00 31 B0 00 01 00 00 00 00 B1
30 02 00 00 00 00 00 32 B0 00 02 00 00 00 00 B2 30 03 00 00 00 00 00 33 B0 00 03 00 00 00 00 B3
20 01 00 00 00 00 00 21 A0 01 01 00 00 15 00 B7 30 04 00 00 00 00 00 34
30 05 00 00 00 00 00 35 30 06 00 00 00 00 00 36
30 07 00 00 00 00 00 37 30 08 00 00 00 00 00 38
30 09 00 00 00 00 00 39 30 0A 00 00 00 00 00 3A
30 0B 00 00 00 00 00 3B 30 0C 00 00 00 00 00 3C
30 0D 00 00 00 00 00 3D 30 0E 00 00 00 00 00 3E
30 0F 00 00 00 00 00 3F 30 10 00 00 00 00 00 40
30 11 00 00 00 00 00 41 30 12 00 00 00 00 00 42
30 13 00 00 00 00 00 43 10 01 00 00 00 00 00 11
10 02 00 00 00 00 00 12 0F 00 00 00 00 00 00 0F 8F 0F 03 05 40 04 00 EA
02 01 00 00 00 00 00 03 82 80 01 29 35 00 00 61 02 02 00 00 00 00 00 04 82 80 02 29 35 00 00 62
02 03 00 00 00 00 00 05 82 80 03 31 34 00 00 6A 02 04 00 00 00 00 00 06 82 80 04 29 35 00 00 64
77 01 00 00 00 00 00 78 F7 20 01 00 1F 09 01 41 76 01 00 00 00 00 00 77 F6 04 01 01 00 00 00 FC
79 01 01 00 00 00 00 7B F9 01 01 11 00 16 25 47 79 01 02 00 00 00 00 7C F9 01 01 21 00 00 00 1C
79 02 01 00 00 00 00 7C F9 11 02 11 00 00 00 1D 79 02 02 00 00 00 00 7D F9 11 02 21 00 00 00 2D
20 01 00 00 00 00 00 21 A0 01 01 00 00 15 00 B7 79 03 01 00 00 00 00 7D
79 03 02 00 00 00 00 7E 79 04 01 00 00 00 00 7E
79 04 02 00 00 00 00 7F 79 05 01 00 00 00 00 7F
79 05 02 00 00 00 00 80 79 06 01 00 00 00 00 80
79 06 02 00 00 00 00 81 79 07 01 00 00 00 00 81
79 07 02 00 00 00 00 82 79 08 01 00 00 00 00 82
79 08 02 00 00 00 00 83 79 09 01 00 00 00 00 83
79 09 02 00 00 00 00 84 79 0A 01 00 00 00 00 84
79 0A 02 00 00 00 00 85 7F 24 08 13 23 52 26 59
30 01 00 00 00 00 00 31 B0 00 01 00 00 00 00 B1 30 02 00 00 00 00 00 32 B0 00 02 00 00 00 00 B2
30 03 00 00 00 00 00 33 B0 00 03 00 00 00 00 B3 30 04 00 00 00 00 00 34
30 05 00 00 00 00 00 35 30 06 00 00 00 00 00 36
30 07 00 00 00 00 00 37 30 08 00 00 00 00 00 38
30 09 00 00 00 00 00 39 30 0A 00 00 00 00 00 3A
30 0B 00 00 00 00 00 3B 30 0C 00 00 00 00 00 3C
20 01 00 00 00 00 00 21 A0 01 01 00 00 15 00 B7 30 0D 00 00 00 00 00 3D
30 0E 00 00 00 00 00 3E 30 0F 00 00 00 00 00 3F
30 10 00 00 00 00 00 40 30 11 00 00 00 00 00 41
30 12 00 00 00 00 00 42
30 13 00 00 00 00 00 43 10 01 00 00 00 00 00 11
10 02 00 00 00 00 00 12
0F 00 00 00 00 00 00 0F 8F 0F 03 05 40 04 00 EA 02 01 00 00 00 00 00 03 82 80 01 29 35 00 00 61
02 02 00 00 00 00 00 04 82 80 02 29 35 00 00 62 02 03 00 00 00 00 00 05 82 80 03 31 34 00 00 6A
02 04 00 00 00 00 00 06 82 80 04 29 35 00 00 64 77 01 00 00 00 00 00 78 F7 20 01 00 1F 09 00 40
76 01 00 00 00 00 00 77 F6 04 01 01 00 00 00 FC 79 01 01 00 00 00 00 7B F9 01 01 11 00 15 90 B1
79 01 02 00 00 00 00 7C F9 01 01 21 00 00 00 1C 79 02 01 00 00 00 00 7C F9 11 02 11 00 00 00 1D
79 02 02 00 00 00 00 7D F9 11 02 21 00 00 00 2D 79 03 01 00 00 00 00 7D
79 03 02 00 00 00 00 7E 79 04 01 00 00 00 00 7E
79 04 02 00 00 00 00 7F 79 05 01 00 00 00 00 7F
79 05 02 00 00 00 00 80 79 06 01 00 00 00 00 80
79 06 02 00 00 00 00 81 79 07 01 00 00 00 00 81
20 01 00 00 00 00 00 21 A0 01 01 00 00 15 00 B7 79 07 02 00 00 00 00 82
79 08 01 00 00 00 00 82 79 08 02 00 00 00 00 83 79 09 01 00 00 00 00 83
79 09 02 00 00 00 00 84 79 0A 01 00 00 00 00 84
79 0A 02 00 00 00 00 85 7F 24 08 13 23 52 31 64
